{
 "metadata": {
  "language": "Julia",
  "name": ""
 },
 "nbformat": 3,
 "nbformat_minor": 0,
 "worksheets": [
  {
   "cells": [
    {
     "cell_type": "code",
     "collapsed": false,
     "input": [
      "using Distributions;\n",
      "using PyPlot;"
     ],
     "language": "python",
     "metadata": {},
     "outputs": [
      {
       "output_type": "stream",
       "stream": "stderr",
       "text": [
        "INFO: Loading help data...\n"
       ]
      }
     ],
     "prompt_number": 1
    },
    {
     "cell_type": "code",
     "collapsed": false,
     "input": [
      "# Define both distributions\n",
      "mu1 = [10.0; 0; 0];\n",
      "sigma1 = [3.0 0 0; 0 6 0; 0 0 4];\n",
      "mu2 = ones(3)*10;\n",
      "sigma2 = [4.0 1 0; 1 2 1; 0 1 4];\n",
      "clust1 = MvNormal(mu1,sigma1);\n",
      "clust2 = MvNormal(mu2,sigma2);\n",
      "# generate samples from both\n",
      "sample1 = rand(clust1,1000);\n",
      "sample2 = rand(clust2,1000);\n",
      "sample_all = cat(2,sample1,sample2);\n",
      "ord = randperm(2000);\n",
      "col1 = permute!(sample_all[1,:],ord);\n",
      "col2 = permute!(sample_all[2,:],ord);\n",
      "col3 = permute!(sample_all[3,:],ord);\n",
      "sample_rand = cat(1,col1,col2,col3);"
     ],
     "language": "python",
     "metadata": {},
     "outputs": [],
     "prompt_number": 2
    },
    {
     "cell_type": "code",
     "collapsed": false,
     "input": [
      "type GaussND\n",
      "    d\n",
      "    mu\n",
      "    sigma\n",
      "    kappa\n",
      "    nu\n",
      "end"
     ],
     "language": "python",
     "metadata": {},
     "outputs": [],
     "prompt_number": 3
    },
    {
     "cell_type": "code",
     "collapsed": false,
     "input": [
      "type ItterMix\n",
      "    d::Int\n",
      "    a\n",
      "    stick\n",
      "    alpha\n",
      "    phi\n",
      "    components\n",
      "    mean_sigma\n",
      "end"
     ],
     "language": "python",
     "metadata": {},
     "outputs": [],
     "prompt_number": 4
    },
    {
     "cell_type": "code",
     "collapsed": false,
     "input": [
      "function update(G::GaussND,x,weight = 1)\n",
      "    G.sigma += weight*((x-G.mu)*transpose(x-G.mu))*G.kappa/(G.kappa+1);\n",
      "    G.mu = weight*G.mu*(G.kappa/(G.kappa+1)) + x*(1/(G.kappa+1));\n",
      "    G.kappa += weight*1;\n",
      "    G.nu += weight*1;\n",
      "end\n",
      "\n",
      "function getsigma(G::GaussND)\n",
      "    return G.sigma/(G.nu-G.d-1)\n",
      "end"
     ],
     "language": "python",
     "metadata": {},
     "outputs": [
      {
       "metadata": {},
       "output_type": "pyout",
       "prompt_number": 5,
       "text": [
        "getsigma (generic function with 1 method)"
       ]
      }
     ],
     "prompt_number": 5
    },
    {
     "cell_type": "code",
     "collapsed": false,
     "input": [
      "function update(M::ItterMix,x)\n",
      "    # determine if new or old category\n",
      "    # p(new) decreases as stick-length decreases\n",
      "    isnew = rand(Bernoulli(M.stick));\n",
      "    \n",
      "    # generate posterior predictive densities\n",
      "    # currently terribly clunky\n",
      "    \n",
      "    if !bool(isnew)\n",
      "        post_pred = {MvTDist(float(G.nu-M.d+1),G.mu,G.sigma*((G.kappa+1)/(G.kappa*(G.nu-M.d-1)))) for G in M.components};\n",
      "        # Calculate and normalize cluster responsibilities\n",
      "        resp = {M.phi[i]*pdf(post_pred[i],x) for i=1:length(post_pred)};\n",
      "        resp = resp/sum(resp);\n",
      "        for i = 1:length(M.components);\n",
      "            update(M.components[i],x,resp[i]);\n",
      "            M.alpha[i] += 1*resp[i];\n",
      "        end\n",
      "    else\n",
      "        w_new = rand(Beta(1,M.a))*M.stick;\n",
      "        M.stick = M.stick - w_new;\n",
      "        if M.components == {}\n",
      "            sigma_new = M.mean_sigma*(M.alpha[1]);\n",
      "            M.components = cat(1,M.components,{GaussND(M.d,x,sigma_new,M.alpha[1],M.alpha[1]+M.d+1)});\n",
      "        else\n",
      "            # Calculating phi for new category:\n",
      "            # un-normalize current vector phi (divide by 1-current stick length)\n",
      "            phi_un = M.phi/(1-M.stick);\n",
      "            phi_un = cat(1,phi_un,{w_new});\n",
      "            alpha_new = (w_new/sum(phi_un))*sum(M.alpha);\n",
      "            M.alpha = cat(1,M.alpha,{alpha_new});\n",
      "            sigma_new = M.mean_sigma*(alpha_new);\n",
      "            M.components = cat(1,M.components,{GaussND(M.d,x,sigma_new,alpha_new+M.d,alpha_new+M.d+1)});\n",
      "        end\n",
      "        \n",
      "    end\n",
      "    M.phi = {M.alpha[i]/sum(M.alpha) for i=1:length(M.alpha)};\n",
      "    mean_sigma = mean({G.sigma/(G.nu-M.d-1) for G in M.components});\n",
      "end"
     ],
     "language": "python",
     "metadata": {},
     "outputs": [
      {
       "metadata": {},
       "output_type": "pyout",
       "prompt_number": 6,
       "text": [
        "update (generic function with 3 methods)"
       ]
      }
     ],
     "prompt_number": 6
    },
    {
     "cell_type": "code",
     "collapsed": false,
     "input": [
      "# initialize a mixture with d = 3, a = 2, stick = 1, alpha = {10}, phi = {1}, components = {},\n",
      "# mean_sigma = 3-dimensional identity matrix\n",
      "mixTest = ItterMix(3,2,1,{10},{1},{},eye(3)*4);"
     ],
     "language": "python",
     "metadata": {},
     "outputs": [],
     "prompt_number": 7
    },
    {
     "cell_type": "code",
     "collapsed": false,
     "input": [
      "for i=1:100\n",
      "    update(mixTest,sample_rand[:,i]);\n",
      "end"
     ],
     "language": "python",
     "metadata": {},
     "outputs": [],
     "prompt_number": 8
    },
    {
     "cell_type": "code",
     "collapsed": false,
     "input": [
      "mixTest.phi"
     ],
     "language": "python",
     "metadata": {},
     "outputs": [
      {
       "metadata": {},
       "output_type": "pyout",
       "prompt_number": 9,
       "text": [
        "15-element Array{Any,1}:\n",
        " 0.616918   \n",
        " 0.0589069  \n",
        " 0.0101625  \n",
        " 0.0232131  \n",
        " 0.0594295  \n",
        " 0.0468677  \n",
        " 0.000671045\n",
        " 0.0606476  \n",
        " 0.003692   \n",
        " 0.0279871  \n",
        " 0.000667552\n",
        " 0.0137562  \n",
        " 0.0567194  \n",
        " 0.00995863 \n",
        " 0.0104021  "
       ]
      }
     ],
     "prompt_number": 9
    },
    {
     "cell_type": "code",
     "collapsed": false,
     "input": [
      "for i=101:1000\n",
      "    update(mixTest,sample_rand[:,i]);\n",
      "end"
     ],
     "language": "python",
     "metadata": {},
     "outputs": [],
     "prompt_number": 10
    },
    {
     "cell_type": "code",
     "collapsed": false,
     "input": [
      "mixTest.phi"
     ],
     "language": "python",
     "metadata": {},
     "outputs": [
      {
       "metadata": {},
       "output_type": "pyout",
       "prompt_number": 11,
       "text": [
        "19-element Array{Any,1}:\n",
        " 0.534493   \n",
        " 0.124754   \n",
        " 0.0096366  \n",
        " 0.0272215  \n",
        " 0.087872   \n",
        " 0.0607397  \n",
        " 0.000501156\n",
        " 0.0850132  \n",
        " 0.00232429 \n",
        " 0.0187655  \n",
        " 0.000303994\n",
        " 0.00791876 \n",
        " 0.0219459  \n",
        " 0.00528252 \n",
        " 0.00541083 \n",
        " 0.000931135\n",
        " 0.00526412 \n",
        " 0.00112161 \n",
        " 0.000500351"
       ]
      }
     ],
     "prompt_number": 11
    },
    {
     "cell_type": "code",
     "collapsed": false,
     "input": [
      "mixTest.components[1].mu"
     ],
     "language": "python",
     "metadata": {},
     "outputs": [
      {
       "metadata": {},
       "output_type": "pyout",
       "prompt_number": 12,
       "text": [
        "3-element Array{Float64,1}:\n",
        "  0.0241656 \n",
        "  0.00191737\n",
        " -0.00437821"
       ]
      }
     ],
     "prompt_number": 12
    },
    {
     "cell_type": "code",
     "collapsed": false,
     "input": [
      "function update(M::ItterMix,x,comp::Int)\n",
      "    # determine if new or old category\n",
      "    # p(new) decreases as stick-length decreases\n",
      "    isnew = rand(Bernoulli(M.stick));\n",
      "    \n",
      "    # generate posterior predictive densities\n",
      "    # currently terribly clunky\n",
      "    \n",
      "    if !bool(isnew)\n",
      "        post_pred = {MvTDist(float(G.nu-M.d+1),G.mu,G.sigma*((G.kappa+1)/(G.kappa*(G.nu-M.d-1)))) for G in M.components};\n",
      "        # Calculate and normalize cluster responsibilities\n",
      "        resp = {M.phi[i]*pdf(post_pred[i],x) for i=1:length(post_pred)};\n",
      "        winner = indmax(resp)\n",
      "        update(M.components[winner],x);\n",
      "        M.alpha[winner] += 1;\n",
      "    else\n",
      "        w_new = rand(Beta(1,M.a))*M.stick;\n",
      "        M.stick = M.stick - w_new;\n",
      "        if M.components == {}\n",
      "            sigma_new = M.mean_sigma*(M.alpha[1]);\n",
      "            M.components = cat(1,M.components,{GaussND(M.d,x,sigma_new,M.alpha[1],M.alpha[1]+M.d+1)});\n",
      "        else\n",
      "            # Calculating phi for new category:\n",
      "            # un-normalize current vector phi (divide by 1-current stick length)\n",
      "            phi_un = M.phi/(1-M.stick);\n",
      "            phi_un = cat(1,phi_un,{w_new});\n",
      "            alpha_new = (w_new/sum(phi_un))*sum(M.alpha);\n",
      "            M.alpha = cat(1,M.alpha,{alpha_new});\n",
      "            sigma_new = M.mean_sigma*(alpha_new);\n",
      "            M.components = cat(1,M.components,{GaussND(M.d,x,sigma_new,alpha_new+M.d,alpha_new+M.d+1)});\n",
      "        end\n",
      "        \n",
      "    end\n",
      "    M.phi = {M.alpha[i]/sum(M.alpha) for i=1:length(M.alpha)};\n",
      "    mean_sigma = mean({G.sigma/(G.nu-M.d-1) for G in M.components});\n",
      "end"
     ],
     "language": "python",
     "metadata": {},
     "outputs": [
      {
       "metadata": {},
       "output_type": "pyout",
       "prompt_number": 13,
       "text": [
        "update (generic function with 4 methods)"
       ]
      }
     ],
     "prompt_number": 13
    },
    {
     "cell_type": "code",
     "collapsed": false,
     "input": [
      "mixTest2 = ItterMix(3,2,1,{10},{1},{},eye(3)*4);\n",
      "\n",
      "for i=1:100\n",
      "    update(mixTest2,sample_rand[:,i],1);\n",
      "end\n",
      "\n",
      "mixTest2.phi"
     ],
     "language": "python",
     "metadata": {},
     "outputs": [
      {
       "metadata": {},
       "output_type": "pyout",
       "prompt_number": 14,
       "text": [
        "9-element Array{Any,1}:\n",
        " 0.86466    \n",
        " 0.0101285  \n",
        " 0.00488508 \n",
        " 0.0151545  \n",
        " 0.0266604  \n",
        " 0.075405   \n",
        " 0.000898487\n",
        " 1.11754e-5 \n",
        " 0.00219652 "
       ]
      }
     ],
     "prompt_number": 14
    },
    {
     "cell_type": "code",
     "collapsed": false,
     "input": [
      "for i=101:200\n",
      "    update(mixTest2,sample_rand[:,i],1);\n",
      "end\n",
      "\n",
      "mixTest2.phi"
     ],
     "language": "python",
     "metadata": {},
     "outputs": [
      {
       "metadata": {},
       "output_type": "pyout",
       "prompt_number": 15,
       "text": [
        "9-element Array{Any,1}:\n",
        " 0.886384   \n",
        " 0.00527568 \n",
        " 0.00254451 \n",
        " 0.00789356 \n",
        " 0.0138867  \n",
        " 0.0823979  \n",
        " 0.000467998\n",
        " 5.82096e-6 \n",
        " 0.00114411 "
       ]
      }
     ],
     "prompt_number": 15
    },
    {
     "cell_type": "code",
     "collapsed": false,
     "input": [
      "for i=201:500\n",
      "    update(mixTest2,sample_rand[:,i],1);\n",
      "end\n",
      "\n",
      "mixTest2.phi"
     ],
     "language": "python",
     "metadata": {},
     "outputs": [
      {
       "metadata": {},
       "output_type": "pyout",
       "prompt_number": 16,
       "text": [
        "9-element Array{Any,1}:\n",
        " 0.914071   \n",
        " 0.00216449 \n",
        " 0.00104395 \n",
        " 0.00323854 \n",
        " 0.00569738 \n",
        " 0.0731208  \n",
        " 0.000192009\n",
        " 2.3882e-6  \n",
        " 0.000469401"
       ]
      }
     ],
     "prompt_number": 16
    },
    {
     "cell_type": "code",
     "collapsed": false,
     "input": [
      "mixTest2.components[1]"
     ],
     "language": "python",
     "metadata": {},
     "outputs": [
      {
       "metadata": {},
       "output_type": "pyout",
       "prompt_number": 17,
       "text": [
        "GaussND(3,[9.54865,4.51421,4.79239],3x3 Array{Float64,2}:\n",
        "  1346.58    -770.172  -1008.26\n",
        "  -770.172  13301.0    11549.4 \n",
        " -1008.26   11549.4    13584.1 ,465,469)"
       ]
      }
     ],
     "prompt_number": 17
    },
    {
     "cell_type": "code",
     "collapsed": false,
     "input": [
      "getsigma(mixTest2.components[1])"
     ],
     "language": "python",
     "metadata": {},
     "outputs": [
      {
       "metadata": {},
       "output_type": "pyout",
       "prompt_number": 18,
       "text": [
        "3x3 Array{Float64,2}:\n",
        "  2.89587  -1.65628  -2.16831\n",
        " -1.65628  28.6043   24.8375 \n",
        " -2.16831  24.8375   29.2132 "
       ]
      }
     ],
     "prompt_number": 18
    },
    {
     "cell_type": "heading",
     "level": 3,
     "metadata": {},
     "source": [
      "Testing simulation with data based on Hillenbrand et al. 1995"
     ]
    },
    {
     "cell_type": "code",
     "collapsed": false,
     "input": [
      "iy_mu = [306.83; 227.33; 437.25; 2761.31; 3372.76; 4352.71];\n",
      "ei_mu = [320.94; 219.58; 535.48; 2525.62; 3049.86; 4308.32];\n",
      "ae_mu = [334.19; 214.19; 675.69; 2334.75; 2972.68; 4314.92];\n",
      "oo_mu = [249.27; 230.02; 518.65; 1228.56; 2829.44; 4061.20];\n",
      "uw_mu = [303.83; 235.56; 459.67; 1105.52; 2735.40; 4115.89];\n",
      "ah_mu = [324.33; 212.31; 921.12; 1525.83; 2831.94; 4290.93];\n",
      "aw_mu = [350.42; 214.00; 804.27; 1188.28; 2824.35; 3945.53];\n",
      "eh_mu = [251.60; 213.04; 727.06; 2062.67; 2952.83; 4311.97];\n",
      "ih_mu = [241.40; 224.69; 484.31; 2369.10; 3057.12; 4332.91];\n",
      "oa_mu = [326.69; 217.67; 555.46; 1035.52; 2828.29; 3927.61];\n",
      "uh_mu = [236.52; 218.50; 760.19; 1415.67; 2900.92; 4133.13];\n"
     ],
     "language": "python",
     "metadata": {},
     "outputs": [],
     "prompt_number": 19
    },
    {
     "cell_type": "code",
     "collapsed": false,
     "input": [
      "var_scaling = 0.1\n",
      "\n",
      "iy_sigma = [2098. -230 -391 -1330   367  -2055;\n",
      "            -230  598  792   877   866   2859;\n",
      "            -391  792 1650  1278  1010   1229;\n",
      "            -1330  877 1278 21739 18241  22825;\n",
      "            367  866 1010 18241 56256  54223;\n",
      "            -2055 2859 1229 22825 54223 176087]*var_scaling;\n",
      "\n",
      "ei_sigma = [2750. -245   149 -1124   677    822;\n",
      "            -245  511   167   506  1187   2310;\n",
      "            149  167  3963 -1939 -1608   -164;\n",
      "            -1124  506 -1939 23864 19085  23730;\n",
      "            677 1187 -1608 19085 32855  26937;\n",
      "            822 2310  -164 23730 26937 102807]*var_scaling;\n",
      "\n",
      "ae_sigma = [2505.0 -229   399 -1818   291   7262;\n",
      "            -229  424   -51   796  1342    535;\n",
      "            399  -51  4800 -4418 -1274   6277;\n",
      "            -1818  796 -4418 25184 21256   6268;\n",
      "            291 1342 -1274 21256 40007  27792;\n",
      "            7262  535  6277  6268 27792 135344]*var_scaling;\n",
      "\n",
      "oo_sigma = [2629. -189 -779   424  -516  -524;\n",
      "            -189.  484  258   240   238   395;\n",
      "            -779.  258 1696  2399   233   329;\n",
      "            424.  240 2399 20908  1976 -1438;\n",
      "            -516.  238  233  1976 33424  8573;\n",
      "            -524.  395  329 -1438  8573 59623]*var_scaling;\n",
      "\n",
      "uw_sigma = [2896. -421 -740  5609  -623    668;\n",
      "            -421  637  889  -734    10    762;\n",
      "            -740  889 1496  -418   -58   1203;\n",
      "            5609 -734 -418 42130  2436   9702;\n",
      "            -623   10  -58  2436 19576  23230;\n",
      "            668  762 1203  9702 23230 112277]*var_scaling;\n",
      "\n",
      "ah_sigma = [2587.  -238 -646  -594  1185  -5080;\n",
      "            -238   493  302  1274  -143  -1490;\n",
      "            -646   302 9359  4354  3313   9133;\n",
      "            -594  1274 4354 15616   449  -2470;\n",
      "            1185  -143 3313   449 31178  -8303;\n",
      "            -5080 -1490 9133 -2470 -8303 161126]*var_scaling;\n",
      "\n",
      "aw_sigma = [2275.  -83  -367   227  -652 -3785;\n",
      "            -83  409   491  1034  -694   240;\n",
      "            -367  491  5569  6057   928 -3673;\n",
      "            227 1034  6057 16615    99    -3;\n",
      "            -652 -694   928    99 45019 -2117;\n",
      "            -3785  240 -3673    -3 -2117 62593]*var_scaling;\n",
      "\n",
      "eh_sigma = [2896. -221  196  -684  1560   2253\n",
      "            -221  368  598  -265   518   -204;\n",
      "            196  598 5432  -849  3407    182;\n",
      "            -684 -265 -849 20408 11749  14877;\n",
      "            1560  518 3407 11749 35805  37141;\n",
      "            2253 -204  182 14877 37141 147170]*var_scaling;\n",
      "\n",
      "ih_sigma = [2816. -222 -221   -22   637  -456;\n",
      "            -222  429  331   229  1360  2022;\n",
      "            -221  331 1181  -183  1726  2195;\n",
      "            -22  229 -183 22331 19154 15650;\n",
      "            637 1360 1726 19154 36139 24340;\n",
      "            -456 2022 2195 15650 24340 91734]*var_scaling;\n",
      "\n",
      "oa_sigma = [2392. -282 -176   526 -1455   515;\n",
      "            -282  489  164   298   479   829;\n",
      "            -176  164 6496  6954   -17  1391;\n",
      "            526  298 6954 15020   771  5878;\n",
      "            -1455  479  -17   771 35040 15611;\n",
      "            515  829 1391  5878 15611 48617]*var_scaling;\n",
      "\n",
      "uh_sigma = [2338.  -98  -21   907   226  2539;\n",
      "            -98  497  414   925   619  1340;\n",
      "            -21  414 3313  2539  3730  3679;\n",
      "            907  925 2539 13318  6978 11463;\n",
      "            226  619 3730  6978 29810  7626;\n",
      "            2539 1340 3679 11463  7626 80296]*var_scaling;"
     ],
     "language": "python",
     "metadata": {},
     "outputs": [],
     "prompt_number": 20
    },
    {
     "cell_type": "code",
     "collapsed": false,
     "input": [
      "iy_sample = cat(1,rand(MvNormal(iy_mu,iy_sigma),500),zeros(1,500));\n",
      "ei_sample = cat(1,rand(MvNormal(ei_mu,ei_sigma),500),ones(1,500));\n",
      "ae_sample = cat(1,rand(MvNormal(ae_mu,ae_sigma),500),ones(1,500)*2);\n",
      "oo_sample = cat(1,rand(MvNormal(oo_mu,oo_sigma),500),ones(1,500)*3);\n",
      "uw_sample = cat(1,rand(MvNormal(uw_mu,uw_sigma),500),ones(1,500)*4);\n",
      "ah_sample = cat(1,rand(MvNormal(ah_mu,ah_sigma),500),ones(1,500)*5);\n",
      "aw_sample = cat(1,rand(MvNormal(aw_mu,aw_sigma),500),ones(1,500)*6);\n",
      "eh_sample = cat(1,rand(MvNormal(eh_mu,eh_sigma),500),ones(1,500)*7);\n",
      "ih_sample = cat(1,rand(MvNormal(ih_mu,ih_sigma),500),ones(1,500)*8);\n",
      "oa_sample = cat(1,rand(MvNormal(oa_mu,oa_sigma),500),ones(1,500)*9);\n",
      "uh_sample = cat(1,rand(MvNormal(uh_mu,uh_sigma),500),ones(1,500)*10);\n"
     ],
     "language": "python",
     "metadata": {},
     "outputs": [],
     "prompt_number": 21
    },
    {
     "cell_type": "code",
     "collapsed": false,
     "input": [
      "sample_all = cat(2,iy_sample,ei_sample,ae_sample,oo_sample,uw_sample,ah_sample,aw_sample,\n",
      "eh_sample,ih_sample,oa_sample,uh_sample);\n",
      "ord = randperm(size(sample_all,2));\n",
      "col1 = permute!(sample_all[1,:],ord);\n",
      "col2 = permute!(sample_all[2,:],ord);\n",
      "col3 = permute!(sample_all[3,:],ord);\n",
      "col4 = permute!(sample_all[4,:],ord);\n",
      "col5 = permute!(sample_all[5,:],ord);\n",
      "col6 = permute!(sample_all[6,:],ord);\n",
      "col7 = permute!(sample_all[7,:],ord);\n",
      "sample_rand = cat(1,col1,col2,col3,col4,col5,col6,col7);"
     ],
     "language": "python",
     "metadata": {},
     "outputs": [],
     "prompt_number": 22
    },
    {
     "cell_type": "code",
     "collapsed": false,
     "input": [
      "scatter3D(sample_rand[4,:],sample_rand[2,:],sample_rand[3,:],c=sample_rand[7,:])"
     ],
     "language": "python",
     "metadata": {},
     "outputs": [
      {
       "metadata": {},
       "output_type": "display_data",
